/home/m11002143/tensorflow-yolov4-tflite/data/analog_ammeter_dataset_20211021/JPEGImages/circle1-27.jpg 125,251,625,748,8 297,352,342,392,0 433,369,478,411,0 487,471,533,513,0 254,547,279,586,0 225,437,271,479,0 423,573,483,619,0
/home/m11002143/tensorflow-yolov4-tflite/data/analog_ammeter_dataset_20211021/JPEGImages/square-55.jpg 451,129,993,669,7 860,195,931,250,0 705,233,782,290,0 549,406,606,464,0
/home/m11002143/tensorflow-yolov4-tflite/data/analog_ammeter_dataset_20211021/JPEGImages/circle1-77.jpg 135,106,649,627,8 435,181,471,208,0 462,267,486,298,0 525,233,561,272,0 571,327,599,368,0 496,312,525,351,0 409,243,438,270,0 350,252,380,277,0 333,182,369,208,0 249,238,280,271,0 213,333,239,369,0 279,336,305,367,0 306,283,332,313,0 288,396,314,426,0 321,443,346,468,0 374,469,401,498,0 431,463,457,490,0 528,470,556,494,0 500,501,529,526,0 404,539,435,564,0 302,513,330,542,0 230,437,258,471,0
/home/m11002143/tensorflow-yolov4-tflite/data/analog_ammeter_dataset_20211021/JPEGImages/square-4.jpg 148,173,334,358,7 295,206,320,226,0 250,214,276,234,0 196,263,221,283,0 187,303,203,321,0
/home/m11002143/tensorflow-yolov4-tflite/data/analog_ammeter_dataset_20211021/JPEGImages/square-74.jpg 224,211,618,615,7 483,280,514,308,0 417,294,455,325,0 355,329,392,363,0 303,415,343,448,0
/home/m11002143/tensorflow-yolov4-tflite/data/analog_ammeter_dataset_20211021/JPEGImages/square-15.jpg 175,180,504,508,7 415,220,444,249,0 415,251,447,272,0 342,235,369,266,0 352,265,386,286,0 278,278,306,311,0 304,303,337,322,0 235,341,263,373,0 263,356,298,378,0 217,420,243,438,0 247,424,280,439,0
/home/m11002143/tensorflow-yolov4-tflite/data/analog_ammeter_dataset_20211021/JPEGImages/circle1-11.jpg 168,32,492,351,8 337,115,364,140,0 287,121,313,146,0 255,155,280,179,0 252,207,274,231,0 285,247,299,271,0 340,253,371,276,0 367,235,398,258,0 386,193,416,217,0 370,142,403,167,0
/home/m11002143/tensorflow-yolov4-tflite/data/analog_ammeter_dataset_20211021/JPEGImages/square-43.jpg 81,101,386,407,7 309,150,362,179,0 248,160,304,188,0 203,184,254,212,0 161,239,211,268,0 133,310,175,339,0
/home/m11002143/tensorflow-yolov4-tflite/data/analog_ammeter_dataset_20211021/JPEGImages/circle1-23.jpg 56,5,243,191,8 206,70,219,84,0 197,124,214,142,0 166,119,186,130,0 176,94,195,104,0 167,67,187,78,0 143,53,161,65,0 114,66,132,78,0 105,92,123,103,0 80,83,93,98,0 93,131,105,142,0
/home/m11002143/tensorflow-yolov4-tflite/data/analog_ammeter_dataset_20211021/JPEGImages/circle1-5.jpg 1,31,1127,1142,8 479,203,575,272,0 850,353,938,414,0 185,447,254,506,0 341,566,441,627,0 372,425,494,489,0 518,366,638,420,0 688,558,813,619,0 658,697,786,764,0 880,733,982,795,0 852,791,924,837,0 555,448,621,491,0 286,811,328,875,0
/home/m11002143/tensorflow-yolov4-tflite/data/analog_ammeter_dataset_20211021/JPEGImages/circle1-36.jpg 11,27,237,242,8 178,131,192,146,0 175,112,190,127,0 165,93,179,109,0 147,82,163,98,0 128,74,142,91,0 107,75,123,92,0 88,82,105,98,0 76,96,92,111,0 69,113,87,130,0 69,132,81,148,0 75,150,86,166,0
/home/m11002143/tensorflow-yolov4-tflite/data/analog_ammeter_dataset_20211021/JPEGImages/circle1-34.jpg 12,9,392,392,8 177,64,204,86,0 91,105,115,129,0 59,198,82,223,0 99,284,119,302,0 271,278,300,307,0 313,185,336,217,0 212,127,230,153,0 147,136,166,160,0 117,188,137,215,0 254,167,272,194,0 239,220,269,247,0
/home/m11002143/tensorflow-yolov4-tflite/data/analog_ammeter_dataset_20211021/JPEGImages/circle1-30.jpg 40,14,345,320,8 189,65,199,79,0 275,123,291,141,0 254,232,269,246,0 205,198,223,211,0 224,172,242,187,0 192,121,208,134,0 158,131,175,145,0 97,121,114,141,0 108,218,123,231,0 144,160,155,175,0
/home/m11002143/tensorflow-yolov4-tflite/data/analog_ammeter_dataset_20211021/JPEGImages/circle1-20.jpg 122,45,450,373,8 235,139,257,162,0 292,144,315,170,0 326,199,351,225,0 227,246,247,264,0 204,186,227,210,0 165,163,181,191,0 175,235,197,263,0 222,295,247,317,0
/home/m11002143/tensorflow-yolov4-tflite/data/analog_ammeter_dataset_20211021/JPEGImages/square-7.jpg 105,103,573,577,7 472,164,543,215,0 362,187,431,234,0 277,237,347,285,0 193,366,263,416,0
/home/m11002143/tensorflow-yolov4-tflite/data/analog_ammeter_dataset_20211021/JPEGImages/square-5.jpg 226,203,587,548,7 527,258,554,295,0 458,269,482,306,0 397,298,429,333,0 340,349,369,385,0 306,411,336,446,0 301,476,331,515,0
/home/m11002143/tensorflow-yolov4-tflite/data/analog_ammeter_dataset_20211021/JPEGImages/circle1-79.jpg 70,63,242,235,8 168,99,188,109,0 183,110,204,120,0 192,125,213,136,0 193,145,214,157,0 187,161,208,175,0 172,176,193,190,0 126,175,138,189,0 109,163,125,176,0 100,145,119,157,0 100,125,121,138,0 109,109,131,121,0 127,97,147,110,0 145,93,168,106,0
/home/m11002143/tensorflow-yolov4-tflite/data/analog_ammeter_dataset_20211021/JPEGImages/square-13.jpg 37,39,206,207,7 159,61,184,79,0 122,69,145,86,0 104,80,120,97,0 86,98,104,115,0 66,126,85,143,0 61,153,78,169,0
/home/m11002143/tensorflow-yolov4-tflite/data/analog_ammeter_dataset_20211021/JPEGImages/square-11.jpg 29,29,181,176,7 151,53,173,65,0 121,56,143,69,0 94,70,116,83,0 75,90,97,103,0 59,119,80,131,0 53,150,63,162,0
/home/m11002143/tensorflow-yolov4-tflite/data/analog_ammeter_dataset_20211021/JPEGImages/circle1-22.jpg 91,30,955,902,8 471,193,518,260,0 554,198,588,257,0 624,221,660,285,0 667,274,726,335,0 711,339,767,400,0 729,403,785,467,0 722,480,781,543,0 696,546,757,605,0 654,602,716,659,0 299,541,334,598,0 273,472,313,533,0 270,398,311,457,0 291,321,332,385,0 345,261,383,325,0 406,215,444,279,0
/home/m11002143/tensorflow-yolov4-tflite/data/analog_ammeter_dataset_20211021/JPEGImages/square-65.jpg 84,78,418,416,7 308,108,329,132,0 334,108,357,130,0 256,136,289,168,0 209,164,239,196,0 169,204,200,236,0 135,267,155,299,0
/home/m11002143/tensorflow-yolov4-tflite/data/analog_ammeter_dataset_20211021/JPEGImages/square-8.jpg 114,108,577,578,7 474,171,546,220,0 295,221,367,269,0 177,410,247,461,0
/home/m11002143/tensorflow-yolov4-tflite/data/analog_ammeter_dataset_20211021/JPEGImages/square-35.jpg 21,62,117,171,7 180,62,281,174,7 344,65,447,174,7 508,64,610,175,7 423,76,441,88,0 395,83,413,94,0 373,103,390,116,0 360,130,376,142,0 260,74,278,88,0 232,80,249,94,0 208,102,227,114,0 195,128,212,142,0 99,74,117,86,0 70,80,89,92,0 47,100,66,113,0 34,127,52,141,0 586,76,605,89,0 563,80,582,93,0 543,94,562,106,0 528,112,547,127,0 521,135,538,148,0
/home/m11002143/tensorflow-yolov4-tflite/data/analog_ammeter_dataset_20211021/JPEGImages/circle1-9.jpg 20,34,739,756,8 474,262,562,327,0 500,421,588,487,0 185,423,298,490,0 204,512,288,559,0 195,266,311,323,0
/home/m11002143/tensorflow-yolov4-tflite/data/analog_ammeter_dataset_20211021/JPEGImages/square-25.jpg 89,135,459,506,7 372,182,433,220,0 249,227,308,262,0 153,352,206,390,0
/home/m11002143/tensorflow-yolov4-tflite/data/analog_ammeter_dataset_20211021/JPEGImages/square-59.jpg 66,52,429,414,7 353,89,401,124,0 273,103,311,137,0 196,148,232,184,0 134,221,171,255,0 105,300,143,333,0
/home/m11002143/tensorflow-yolov4-tflite/data/analog_ammeter_dataset_20211021/JPEGImages/square-12.jpg 84,79,399,399,7 325,127,374,158,0 270,132,318,163,0 207,163,258,194,0 149,221,200,254,0 137,277,189,308,0 133,313,178,342,0
/home/m11002143/tensorflow-yolov4-tflite/data/analog_ammeter_dataset_20211021/JPEGImages/square-14.jpg 211,242,611,639,7 520,301,578,340,0 397,333,456,373,0 290,461,334,501,0
/home/m11002143/tensorflow-yolov4-tflite/data/analog_ammeter_dataset_20211021/JPEGImages/circle1-65.jpg 113,49,526,483,8 298,156,345,184,0 351,167,399,196,0 373,200,423,226,0 391,242,439,270,0 388,288,437,316,0 367,328,418,355,0 222,292,257,319,0 210,248,250,278,0 223,203,262,232,0 256,172,292,200,0 240,324,260,348,0
/home/m11002143/tensorflow-yolov4-tflite/data/analog_ammeter_dataset_20211021/JPEGImages/square-60.jpg 28,29,193,204,7 169,48,186,67,0 135,53,147,72,0 100,71,113,89,0 70,95,84,115,0 54,130,67,150,0 48,168,61,186,0
/home/m11002143/tensorflow-yolov4-tflite/data/analog_ammeter_dataset_20211021/JPEGImages/circle1-12.jpg 13,8,304,285,8 152,40,171,52,0 211,55,229,72,0 250,97,264,116,0 258,149,270,166,0 215,171,231,186,0 224,141,241,156,0 216,109,233,125,0 190,83,209,100,0 158,73,177,89,0 125,81,144,98,0 101,106,118,122,0 94,56,113,73,0 63,103,76,119,0 91,138,111,153,0 104,168,119,184,0 129,190,141,205,0 190,191,211,206,0 96,204,110,217,0 114,217,129,229,0 65,160,77,174,0 206,218,225,231,0 234,196,250,214,0
/home/m11002143/tensorflow-yolov4-tflite/data/analog_ammeter_dataset_20211021/JPEGImages/circle1-51.jpg 88,52,416,379,8 236,124,271,150,0 283,147,320,176,0 308,204,344,232,0 286,254,324,283,0 161,207,189,232,0 174,155,208,182,0
/home/m11002143/tensorflow-yolov4-tflite/data/analog_ammeter_dataset_20211021/JPEGImages/square-63.jpg 153,174,483,505,7 409,214,437,243,0 334,231,368,265,0 271,268,307,300,0 208,359,231,392,0
/home/m11002143/tensorflow-yolov4-tflite/data/analog_ammeter_dataset_20211021/JPEGImages/square-75.jpg 63,64,369,368,7 288,100,328,131,0 226,114,267,143,0 171,143,211,171,0 137,186,176,214,0 112,236,147,265,0
/home/m11002143/tensorflow-yolov4-tflite/data/analog_ammeter_dataset_20211021/JPEGImages/circle1-35.jpg 45,31,490,473,8 246,128,290,162,0 189,151,227,185,0 152,196,175,229,0 147,252,184,285,0 180,303,219,339,0 326,303,365,338,0 350,250,390,284,0 341,194,383,228,0 305,151,343,183,0
/home/m11002143/tensorflow-yolov4-tflite/data/analog_ammeter_dataset_20211021/JPEGImages/square-10.jpg 172,178,461,460,7 389,220,416,247,0 325,233,356,261,0 269,265,300,294,0 233,311,266,338,0 212,367,240,397,0
/home/m11002143/tensorflow-yolov4-tflite/data/analog_ammeter_dataset_20211021/JPEGImages/square-48.jpg 73,61,450,427,7 352,104,399,140,0 305,112,347,145,0 255,130,301,161,0 144,240,189,278,0 121,296,166,331,0 119,343,164,378,0
/home/m11002143/tensorflow-yolov4-tflite/data/analog_ammeter_dataset_20211021/JPEGImages/square-49.jpg 154,108,384,343,7 325,136,348,159,0 265,149,289,172,0 234,171,256,193,0 200,211,223,233,0 182,259,197,282,0 180,282,195,304,0
/home/m11002143/tensorflow-yolov4-tflite/data/analog_ammeter_dataset_20211021/JPEGImages/circle1-41.jpg 154,69,674,571,8 392,171,439,212,0 481,213,525,253,0 506,299,567,340,0 483,384,540,424,0 304,387,333,425,0 262,303,304,340,0 298,215,342,253,0
/home/m11002143/tensorflow-yolov4-tflite/data/analog_ammeter_dataset_20211021/JPEGImages/square-1.jpg 361,321,679,633,7 589,371,616,403,0 555,373,580,407,0 508,385,536,421,0 456,424,481,458,0 423,467,450,502,0 407,514,436,546,0 406,543,435,577,0
/home/m11002143/tensorflow-yolov4-tflite/data/analog_ammeter_dataset_20211021/JPEGImages/circle1-80.jpg 83,48,620,594,8 331,168,388,207,0 423,218,481,260,0 455,314,515,355,0 422,409,481,453,0 228,401,252,441,0 192,303,247,342,0 229,213,286,253,0
/home/m11002143/tensorflow-yolov4-tflite/data/analog_ammeter_dataset_20211021/JPEGImages/square-70.jpg 101,99,391,392,7 319,147,367,178,0 260,158,296,187,0 207,195,241,224,0 163,252,196,280,0 149,299,181,328,0
/home/m11002143/tensorflow-yolov4-tflite/data/analog_ammeter_dataset_20211021/JPEGImages/circle1-48.jpg 42,84,465,476,8 131,285,161,312,0 124,242,162,270,0 137,205,175,236,0 164,175,206,205,0 205,153,247,185,0 252,149,293,182,0 297,166,338,199,0 324,203,364,233,0 333,249,375,280,0 320,292,360,323,0 280,329,321,360,0
/home/m11002143/tensorflow-yolov4-tflite/data/analog_ammeter_dataset_20211021/JPEGImages/circle1-62.jpg 59,1,404,344,8 299,144,329,175,0 276,210,309,245,0 260,86,291,121,0 173,86,204,119,0 132,142,152,174,0 155,210,173,244,0
/home/m11002143/tensorflow-yolov4-tflite/data/analog_ammeter_dataset_20211021/JPEGImages/square-31.jpg 147,160,871,885,7 714,223,805,292,0 573,244,666,312,0 382,357,477,419,0 251,557,341,622,0 209,751,246,808,0 216,715,260,748,0
/home/m11002143/tensorflow-yolov4-tflite/data/analog_ammeter_dataset_20211021/JPEGImages/square-38.jpg 319,154,689,517,7 602,196,639,233,0 541,208,575,242,0 448,258,484,295,0 382,336,414,372,0 365,405,401,441,0
/home/m11002143/tensorflow-yolov4-tflite/data/analog_ammeter_dataset_20211021/JPEGImages/circle1-15.jpg 85,18,370,303,8 265,60,279,78,0 318,137,337,149,0 291,222,311,241,0 256,180,278,197,0 265,153,288,170,0 254,122,275,139,0 231,102,249,119,0 194,105,213,122,0 172,124,191,143,0 166,157,185,175,0 115,138,135,151,0 173,61,186,78,0
/home/m11002143/tensorflow-yolov4-tflite/data/analog_ammeter_dataset_20211021/JPEGImages/circle1-60.jpg 26,23,567,559,8 275,84,307,110,0 378,111,410,137,0 447,194,482,221,0 456,300,490,328,0 410,398,441,424,0 129,406,168,432,0 177,285,195,309,0 193,221,223,245,0 246,178,277,202,0 310,176,339,200,0 357,216,388,242,0 357,278,400,303,0 331,353,373,378,0 101,209,130,235,0 178,118,198,144,0 82,314,122,339,0
/home/m11002143/tensorflow-yolov4-tflite/data/analog_ammeter_dataset_20211021/JPEGImages/circle1-42.jpg 152,38,666,546,8 400,136,433,163,0 471,164,503,193,0 524,237,559,266,0 528,317,559,347,0 477,385,512,415,0 287,374,307,402,0 250,295,280,325,0 266,214,298,244,0 325,154,359,183,0
/home/m11002143/tensorflow-yolov4-tflite/data/analog_ammeter_dataset_20211021/JPEGImages/square-73.jpg 114,127,386,402,7 261,183,287,210,0 325,170,351,197,0 186,244,215,272,0 167,300,191,327,0
/home/m11002143/tensorflow-yolov4-tflite/data/analog_ammeter_dataset_20211021/JPEGImages/square-64.jpg 115,69,367,322,7 254,114,282,138,0 296,92,312,105,0 317,90,335,103,0 206,143,234,169,0 161,203,192,229,0
/home/m11002143/tensorflow-yolov4-tflite/data/analog_ammeter_dataset_20211021/JPEGImages/square-19.jpg 116,103,589,562,7 454,216,474,249,0 324,283,346,318,0 248,413,275,448,0
/home/m11002143/tensorflow-yolov4-tflite/data/analog_ammeter_dataset_20211021/JPEGImages/square-33.jpg 90,165,432,511,7 556,158,905,510,7 243,242,274,275,0 357,207,384,242,0 158,331,179,365,0 740,212,786,245,0 834,197,861,216,0 798,197,827,216,0 657,266,700,300,0 604,363,639,399,0
/home/m11002143/tensorflow-yolov4-tflite/data/analog_ammeter_dataset_20211021/JPEGImages/circle1-21.jpg 56,5,494,441,8 302,108,320,124,0 225,109,243,123,0 166,158,182,174,0 377,236,391,254,0 325,207,354,223,0 362,157,381,178,0 194,210,225,227,0 203,179,231,197,0 225,154,256,171,0 256,143,286,159,0 288,152,317,168,0 313,175,342,193,0 322,237,352,255,0 306,266,335,283,0 230,282,255,296,0 198,244,221,261,0 153,239,168,252,0 122,274,138,287,0 109,294,129,314,0 177,368,198,386,0 157,353,178,371,0 140,339,160,359,0 95,255,113,276,0 93,202,108,215,0 109,133,128,159,0 137,126,158,151,0 166,71,187,92,0 263,44,289,60,0 380,86,404,111,0 386,121,405,148,0 285,66,313,81,0 195,76,217,93,0 275,83,300,98,0 211,317,226,331,0 196,330,218,348,0 162,301,180,319,0 151,283,170,304,0 140,261,154,272,0 134,222,148,252,0 135,179,153,205,0 157,133,174,157,0 201,96,225,113,0 355,115,377,139,0 399,208,413,237,0 436,228,454,254,0 334,306,354,321,0 341,324,363,344,0 151,318,172,341,0 136,299,157,319,0 112,232,131,259,0 115,179,130,207,0
/home/m11002143/tensorflow-yolov4-tflite/data/analog_ammeter_dataset_20211021/JPEGImages/square-36.jpg 58,27,145,113,7 124,38,136,47,0 110,39,123,49,0 91,48,105,58,0 77,67,92,77,0 71,85,84,95,0
/home/m11002143/tensorflow-yolov4-tflite/data/analog_ammeter_dataset_20211021/JPEGImages/square-46.jpg 39,36,217,212,7 168,57,195,72,0 128,66,162,84,0 101,82,132,100,0 78,108,110,128,0 60,146,90,166,0
/home/m11002143/tensorflow-yolov4-tflite/data/analog_ammeter_dataset_20211021/JPEGImages/square-69.jpg 98,114,370,382,7 306,141,333,170,0 248,151,276,179,0 196,177,222,205,0 165,217,192,246,0 139,264,162,292,0 129,322,145,351,0
/home/m11002143/tensorflow-yolov4-tflite/data/analog_ammeter_dataset_20211021/JPEGImages/circle1-2.jpg 50,28,273,251,8 151,77,172,92,0 180,82,201,99,0 204,99,223,120,0 121,83,143,102,0 100,101,119,125,0 93,129,107,154,0 95,159,112,181,0 111,184,131,205,0 198,181,220,202,0 216,154,233,177,0 218,125,235,148,0 168,105,185,118,0 137,107,156,120,0 117,132,137,145,0 188,128,207,141,0 187,161,204,173,0 126,167,138,178,0
/home/m11002143/tensorflow-yolov4-tflite/data/analog_ammeter_dataset_20211021/JPEGImages/square-50.jpg 53,54,327,338,7 261,92,305,122,0 217,98,259,128,0 174,114,216,144,0 137,141,182,170,0 123,170,165,200,0 101,207,142,238,0 88,244,104,270,0
/home/m11002143/tensorflow-yolov4-tflite/data/analog_ammeter_dataset_20211021/JPEGImages/square-26.jpg 113,130,402,414,7 332,190,357,210,0 228,235,254,252,0 182,333,202,347,0
/home/m11002143/tensorflow-yolov4-tflite/data/analog_ammeter_dataset_20211021/JPEGImages/square-21.jpg 148,90,386,331,7 339,126,373,154,0 295,129,332,157,0 244,160,281,186,0 199,215,234,243,0 179,260,214,287,0 181,287,199,314,0
/home/m11002143/tensorflow-yolov4-tflite/data/analog_ammeter_dataset_20211021/JPEGImages/circle1-19.jpg 498,398,1430,1320,8 1100,538,1154,606,0 812,540,852,604,0 908,664,998,726,0 784,776,848,840,0 1080,898,1178,972,0 1278,782,1342,846,0 1194,1080,1250,1136,0 634,786,674,846,0 696,1036,730,1094,0
/home/m11002143/tensorflow-yolov4-tflite/data/analog_ammeter_dataset_20211021/JPEGImages/circle1-56.jpg 8,42,265,306,8 152,109,181,131,0 181,154,209,175,0 161,205,194,226,0 81,204,92,222,0 64,154,92,176,0 93,108,123,129,0
/home/m11002143/tensorflow-yolov4-tflite/data/analog_ammeter_dataset_20211021/JPEGImages/circle1-8.jpg 47,63,291,310,8 196,214,216,231,0 247,150,262,163,0 227,116,241,131,0 195,95,205,111,0 157,91,167,107,0 89,133,104,147,0 76,172,93,184,0 82,212,97,221,0 98,236,111,250,0 239,225,256,241,0 251,190,268,200,0 210,170,231,187,0 187,133,204,150,0 140,134,158,150,0 113,170,129,187,0
/home/m11002143/tensorflow-yolov4-tflite/data/analog_ammeter_dataset_20211021/JPEGImages/square-45.jpg 119,108,405,385,7 328,147,372,172,0 235,181,281,205,0 183,250,225,274,0
/home/m11002143/tensorflow-yolov4-tflite/data/analog_ammeter_dataset_20211021/JPEGImages/square-56.jpg 126,132,763,769,7 430,301,505,372,0 282,449,357,521,0 621,230,661,270,0 679,229,733,267,0
/home/m11002143/tensorflow-yolov4-tflite/data/analog_ammeter_dataset_20211021/JPEGImages/circle1-43.jpg 80,49,779,748,8 401,189,459,243,0 526,244,586,294,0 275,258,335,306,0 569,369,646,419,0 537,489,613,539,0 296,504,327,554,0 231,383,288,435,0
/home/m11002143/tensorflow-yolov4-tflite/data/analog_ammeter_dataset_20211021/JPEGImages/circle1-78.jpg 85,51,402,355,8 238,117,264,136,0 267,129,295,145,0 283,145,312,162,0 303,170,333,187,0 310,201,341,218,0 302,229,333,248,0 281,257,313,276,0 169,250,181,267,0 149,220,170,236,0 148,189,175,207,0 157,160,187,178,0 179,138,209,156,0 205,124,232,142,0
/home/m11002143/tensorflow-yolov4-tflite/data/analog_ammeter_dataset_20211021/JPEGImages/circle1-45.jpg 66,37,536,495,8 454,181,482,207,0 471,249,506,276,0 458,322,491,347,0 415,381,450,408,0 162,380,182,406,0 187,291,215,321,0 378,226,419,253,0 355,325,395,352,0 197,193,235,217,0 302,153,339,178,0 412,126,440,153,0 351,92,378,118,0 282,84,310,108,0 212,95,239,120,0 118,324,143,348,0 101,256,130,281,0 114,187,142,211,0 153,132,181,156,0
/home/m11002143/tensorflow-yolov4-tflite/data/analog_ammeter_dataset_20211021/JPEGImages/square-2.jpg 213,322,576,684,7 469,366,516,393,0 394,382,458,418,0 341,411,403,446,0 298,464,361,500,0 264,539,315,577,0
/home/m11002143/tensorflow-yolov4-tflite/data/analog_ammeter_dataset_20211021/JPEGImages/square-34.jpg 169,130,816,804,7 685,213,785,283,0 492,265,590,335,0 268,527,365,591,0 247,670,282,727,0
/home/m11002143/tensorflow-yolov4-tflite/data/analog_ammeter_dataset_20211021/JPEGImages/square-28.jpg 177,190,522,533,7 426,243,470,278,0 364,253,402,290,0 293,297,334,335,0 235,371,278,408,0 227,430,271,461,0
/home/m11002143/tensorflow-yolov4-tflite/data/analog_ammeter_dataset_20211021/JPEGImages/square-6.jpg 26,39,190,202,7 158,62,177,80,0 83,94,95,112,0
/home/m11002143/tensorflow-yolov4-tflite/data/analog_ammeter_dataset_20211021/JPEGImages/square-23.jpg 99,107,494,507,7 412,157,458,198,0 232,236,281,275,0 150,409,189,439,0
/home/m11002143/tensorflow-yolov4-tflite/data/analog_ammeter_dataset_20211021/JPEGImages/circle1-17.jpg 37,21,499,486,8 257,134,306,165,0 327,174,377,203,0 346,243,395,274,0 318,309,366,338,0 195,306,216,333,0 165,238,199,265,0 183,170,229,199,0
/home/m11002143/tensorflow-yolov4-tflite/data/analog_ammeter_dataset_20211021/JPEGImages/circle1-69.jpg 365,1,1489,1132,8 1027,122,1102,198,0 1194,212,1286,314,0 833,112,900,181,0 650,186,724,259,0 524,336,599,422,0 778,327,833,378,0 846,298,899,350,0 927,295,982,356,0 1007,316,1063,372,0 1077,362,1132,416,0 1133,434,1185,491,0 1155,512,1210,566,0 1133,580,1206,645,0 1110,658,1178,728,0 1052,714,1122,789,0 985,750,1058,825,0 907,759,971,837,0 678,495,725,541,0 685,448,735,498,0 714,384,775,439,0 888,950,986,1022,0 1082,903,1177,984,0 1232,772,1324,867,0 1322,589,1389,683,0 1300,386,1388,486,0 487,481,559,533,0
/home/m11002143/tensorflow-yolov4-tflite/data/analog_ammeter_dataset_20211021/JPEGImages/circle1-10.jpg 53,15,1522,1512,8 1572,12,3128,1537,8 988,259,1054,325,0 987,411,1081,486,0 1263,585,1322,658,0 1135,585,1204,680,0 1153,818,1208,917,0 1205,1014,1268,1080,0 1024,1023,1100,1102,0 809,1132,908,1191,0 708,1127,745,1177,0 500,1007,568,1077,0 353,995,403,1046,0 309,568,367,637,0 423,562,495,658,0 559,395,650,477,0 721,402,764,443,0 772,349,867,402,0 576,264,642,321,0 860,1250,928,1298,0 990,463,1029,500,0 1033,614,1076,659,0 1131,699,1167,748,0 964,830,1010,878,0 1033,886,1076,931,0 949,634,991,684,0 850,470,904,508,0 659,489,706,532,0 609,653,653,705,0 592,753,628,795,0 510,732,546,780,0 456,677,492,723,0 538,505,581,552,0 679,574,727,617,0 546,600,585,643,0 602,826,642,856,0 626,864,665,911,0 656,899,701,945,0 696,932,746,964,0 574,936,605,970,0 622,982,664,1022,0 494,930,542,976,0 460,828,499,873,0 526,854,571,899,0 554,999,592,1042,0 615,1055,649,1095,0 650,1076,705,1118,0 831,553,862,591,0 2314,231,2360,282,0 2018,321,2062,373,0 2187,375,2254,432,0 2349,357,2426,416,0 2511,404,2583,470,0 2613,320,2662,375,0 2804,561,2853,610,0 2641,514,2704,585,0 2705,671,2767,745,0 2697,828,2760,920,0 2828,868,2883,913,0 2615,984,2699,1076,0 2682,1137,2736,1187,0 2485,1098,2582,1180,0 2335,1161,2431,1221,0 2353,1287,2450,1344,0 2205,1162,2274,1216,0 2121,1130,2190,1189,0 2055,1090,2114,1148,0 2035,1222,2100,1278,0 2117,1253,2176,1311,0 2183,1277,2246,1330,0 1964,1172,2028,1234,0 1909,1122,1955,1172,0 1908,898,1964,962,0 1773,863,1828,900,0 1888,732,1946,804,0 1813,559,1868,603,0 1935,572,1987,640,0 2041,452,2104,508,0 2151,446,2194,482,0 2342,477,2374,512,0 2478,449,2527,490,0 2573,631,2618,678,0 2438,609,2476,645,0 2338,568,2367,607,0 2236,578,2278,618,0 2099,559,2144,595,0 2159,623,2203,661,0 2113,694,2151,736,0 2096,767,2136,808,0 2106,830,2144,876,0 2127,886,2171,923,0 2190,949,2241,990,0 2503,835,2542,877,0 2604,811,2640,859,0 2674,793,2710,845,0 2571,1011,2614,1050,0 1947,832,1985,875,0 2026,875,2063,918,0 1991,959,2035,1003,0 2073,964,2114,1003,0 2078,1055,2131,1100,0 2122,1011,2179,1055,0 2500,700,2541,732,0 2006,730,2050,773,0 1971,641,2005,671,0
/home/m11002143/tensorflow-yolov4-tflite/data/analog_ammeter_dataset_20211021/JPEGImages/square-76.jpg 110,50,391,326,7 314,85,355,112,0 271,94,311,122,0 222,118,263,146,0 179,163,221,191,0 156,213,197,241,0 147,261,165,289,0
/home/m11002143/tensorflow-yolov4-tflite/data/analog_ammeter_dataset_20211021/JPEGImages/square-68.jpg 242,212,705,661,7 594,249,642,278,0 516,261,554,287,0 394,335,462,381,0 433,305,472,329,0 336,427,396,474,0
/home/m11002143/tensorflow-yolov4-tflite/data/analog_ammeter_dataset_20211021/JPEGImages/circle1-71.jpg 53,36,478,458,8 297,141,329,171,0 334,171,365,201,0 354,216,385,248,0 350,260,382,291,0 318,302,359,331,0 184,308,202,338,0 154,266,180,296,0 151,219,181,249,0 169,173,200,204,0 202,142,237,172,0 251,128,282,159,0
/home/m11002143/tensorflow-yolov4-tflite/data/analog_ammeter_dataset_20211021/JPEGImages/square-27.jpg 166,134,409,369,7 346,167,373,189,0 302,173,328,196,0 244,210,270,233,0 204,263,231,285,0 198,304,221,322,0
/home/m11002143/tensorflow-yolov4-tflite/data/analog_ammeter_dataset_20211021/JPEGImages/square-39.jpg 185,126,510,436,7 186,589,519,917,7 413,158,454,192,0 312,187,354,220,0 244,254,278,288,0 217,358,239,389,0 421,619,464,653,0 345,635,380,671,0 238,745,273,778,0 220,823,263,858,0
/home/m11002143/tensorflow-yolov4-tflite/data/analog_ammeter_dataset_20211021/JPEGImages/square-62.jpg 115,66,405,356,7 273,118,315,148,0 346,102,371,120,0 184,197,227,224,0 155,291,170,316,0
/home/m11002143/tensorflow-yolov4-tflite/data/analog_ammeter_dataset_20211021/JPEGImages/square-18.jpg 199,120,580,508,7 513,155,556,183,0 499,326,544,358,0 534,244,559,261,0 539,188,567,206,0 311,247,358,275,0 240,384,266,403,0
/home/m11002143/tensorflow-yolov4-tflite/data/analog_ammeter_dataset_20211021/JPEGImages/circle1-59.jpg 2,5,964,977,8 430,186,510,264,0 603,261,683,334,0 680,434,764,512,0 603,600,689,684,0 186,450,239,533,0 261,267,332,347,0
/home/m11002143/tensorflow-yolov4-tflite/data/analog_ammeter_dataset_20211021/JPEGImages/square-29.jpg 61,59,251,271,7 223,81,249,106,0 188,89,203,111,0 146,109,175,131,0 116,137,147,159,0 96,174,124,196,0 85,224,98,247,0
/home/m11002143/tensorflow-yolov4-tflite/data/analog_ammeter_dataset_20211021/JPEGImages/circle1-49.jpg 64,5,287,236,8 116,78,139,96,0 102,122,119,140,0 120,158,130,175,0 202,137,225,156,0 217,94,240,113,0 196,54,219,73,0 154,44,179,64,0
/home/m11002143/tensorflow-yolov4-tflite/data/analog_ammeter_dataset_20211021/JPEGImages/square-53.jpg 77,95,330,343,7 260,128,287,152,0 215,136,230,161,0 172,156,187,182,0 138,186,153,210,0 117,232,133,256,0
/home/m11002143/tensorflow-yolov4-tflite/data/analog_ammeter_dataset_20211021/JPEGImages/square-71.jpg 116,68,366,323,7 255,114,282,140,0 298,91,311,105,0 318,90,335,103,0 205,144,234,169,0 161,202,190,228,0
/home/m11002143/tensorflow-yolov4-tflite/data/analog_ammeter_dataset_20211021/JPEGImages/circle1-70.jpg 6,1,372,370,8 240,59,264,80,0 309,156,327,179,0 256,187,272,207,0 247,137,261,158,0 235,229,246,250,0 245,273,276,292,0 122,221,136,240,0 105,178,115,201,0 118,132,133,154,0 160,103,174,123,0 209,106,224,128,0 122,56,143,76,0 50,149,69,171,0 88,263,101,283,0
/home/m11002143/tensorflow-yolov4-tflite/data/analog_ammeter_dataset_20211021/JPEGImages/circle1-54.jpg 30,7,316,294,8 194,78,223,101,0 216,102,244,124,0 226,130,258,154,0 223,160,254,184,0 204,187,239,212,0 95,163,119,187,0 91,129,115,153,0 105,100,129,124,0 129,77,154,101,0 159,68,190,90,0
/home/m11002143/tensorflow-yolov4-tflite/data/analog_ammeter_dataset_20211021/JPEGImages/square-17.jpg 154,119,557,524,7 465,164,489,205,0 273,247,331,287,0
/home/m11002143/tensorflow-yolov4-tflite/data/analog_ammeter_dataset_20211021/JPEGImages/square-41.jpg 135,57,406,337,7 347,90,393,120,0 294,100,343,126,0 236,131,282,160,0 196,183,244,215,0 176,244,215,274,0
/home/m11002143/tensorflow-yolov4-tflite/data/analog_ammeter_dataset_20211021/JPEGImages/circle1-13.jpg 1,1,510,507,8 217,60,265,96,0 396,160,436,208,0 375,342,418,386,0 299,319,345,344,0 310,262,360,290,0 233,149,286,177,0 173,178,222,206,0 142,249,181,279,0 62,186,95,223,0 110,374,139,402,0 315,189,341,215,0
/home/m11002143/tensorflow-yolov4-tflite/data/analog_ammeter_dataset_20211021/JPEGImages/square-30.jpg 157,186,392,419,7 358,216,400,243,0 302,229,343,258,0 241,270,286,295,0 203,327,245,353,0 194,364,231,389,0
/home/m11002143/tensorflow-yolov4-tflite/data/analog_ammeter_dataset_20211021/JPEGImages/square-77.jpg 209,170,631,584,7 511,238,581,279,0 439,248,499,288,0 365,287,422,327,0 320,334,377,374,0 285,400,342,443,0
/home/m11002143/tensorflow-yolov4-tflite/data/analog_ammeter_dataset_20211021/JPEGImages/circle1-4.jpg 1,1,347,355,8 136,69,175,96,0 99,90,135,116,0 68,166,103,195,0 85,209,111,239,0 106,233,147,261,0 145,243,192,273,0 192,79,227,107,0 224,111,260,138,0 239,157,275,186,0
/home/m11002143/tensorflow-yolov4-tflite/data/analog_ammeter_dataset_20211021/JPEGImages/circle1-50.jpg 63,10,453,387,8 275,103,302,133,0 308,133,334,161,0 326,172,352,203,0 323,216,349,246,0 296,254,327,282,0 155,220,176,247,0 152,174,177,201,0 170,133,193,161,0 197,106,223,133,0 236,92,261,119,0
/home/m11002143/tensorflow-yolov4-tflite/data/analog_ammeter_dataset_20211021/JPEGImages/square-58.jpg 43,40,255,256,7 202,62,227,84,0 108,103,122,126,0
/home/m11002143/tensorflow-yolov4-tflite/data/analog_ammeter_dataset_20211021/JPEGImages/circle1-37.jpg 12,102,361,454,8 168,189,200,214,0 220,210,251,237,0 233,263,276,289,0 213,314,256,342,0 126,323,146,349,0 97,271,130,297,0 116,216,148,241,0
/home/m11002143/tensorflow-yolov4-tflite/data/analog_ammeter_dataset_20211021/JPEGImages/circle1-44.jpg 243,4,425,185,8 347,44,364,62,0 306,41,325,58,0 370,80,388,98,0 349,116,374,135,0 290,115,302,132,0 278,74,295,92,0
/home/m11002143/tensorflow-yolov4-tflite/data/analog_ammeter_dataset_20211021/JPEGImages/circle1-16.jpg 75,43,644,615,8 435,138,464,178,0 270,141,298,181,0 536,272,575,303,0 491,431,536,474,0 424,375,447,415,0 427,298,481,339,0 392,230,443,271,0 298,231,354,272,0 263,296,317,338,0 163,284,208,315,0
/home/m11002143/tensorflow-yolov4-tflite/data/analog_ammeter_dataset_20211021/JPEGImages/square-37.jpg 298,300,704,708,7 573,350,630,389,0 461,385,516,424,0 382,469,434,507,0 347,585,370,622,0
/home/m11002143/tensorflow-yolov4-tflite/data/analog_ammeter_dataset_20211021/JPEGImages/circle1-58.jpg 5,9,1184,1198,8 738,762,847,823,0 799,648,907,709,0 802,523,913,583,0 757,402,865,458,0 655,303,763,362,0 525,269,633,331,0 399,312,508,377,0 310,400,413,466,0 258,525,365,587,0 269,662,357,725,0 357,800,394,851,0
/home/m11002143/tensorflow-yolov4-tflite/data/analog_ammeter_dataset_20211021/JPEGImages/square-3.jpg 166,149,846,842,7 652,256,707,312,0 516,291,588,358,0 379,345,455,413,0 340,427,409,495,0 277,545,354,609,0 251,620,294,689,0
/home/m11002143/tensorflow-yolov4-tflite/data/analog_ammeter_dataset_20211021/JPEGImages/square-51.jpg 206,91,569,451,7 490,135,540,173,0 415,148,452,186,0 328,205,367,245,0 267,288,308,327,0 254,343,292,381,0
/home/m11002143/tensorflow-yolov4-tflite/data/analog_ammeter_dataset_20211021/JPEGImages/circle1-18.jpg 98,90,542,521,8 277,149,322,176,0 357,155,403,192,0 423,197,464,246,0 460,276,492,325,0 452,371,474,395,0 242,337,283,361,0 234,274,267,298,0 272,233,303,254,0 335,229,364,251,0 377,271,406,295,0 199,176,246,218,0 157,239,194,289,0 154,322,188,373,0 175,384,222,408,0
/home/m11002143/tensorflow-yolov4-tflite/data/analog_ammeter_dataset_20211021/JPEGImages/square-79.jpg 86,78,220,210,7 184,99,207,114,0 142,111,166,125,0 116,143,134,156,0
/home/m11002143/tensorflow-yolov4-tflite/data/analog_ammeter_dataset_20211021/JPEGImages/circle1-46.jpg 247,9,752,521,8 538,142,570,176,0 592,227,637,263,0 558,323,604,358,0 401,325,422,359,0 366,227,400,264,0 429,141,464,178,0
/home/m11002143/tensorflow-yolov4-tflite/data/analog_ammeter_dataset_20211021/JPEGImages/circle1-75.jpg 26,95,357,455,8 211,172,246,195,0 244,213,280,232,0 259,253,296,275,0 250,302,286,327,0 222,339,259,362,0 129,337,156,363,0 101,299,132,322,0 94,246,128,270,0 123,195,157,218,0 160,169,194,193,0
/home/m11002143/tensorflow-yolov4-tflite/data/analog_ammeter_dataset_20211021/JPEGImages/circle1-28.jpg 106,25,382,291,8 235,61,252,76,0 298,83,321,105,0 331,146,348,169,0 309,201,333,224,0 173,214,188,229,0 192,136,214,152,0 270,172,298,186,0 270,187,294,200,0
/home/m11002143/tensorflow-yolov4-tflite/data/analog_ammeter_dataset_20211021/JPEGImages/circle1-55.jpg 77,48,378,347,8 241,114,272,141,0 287,169,316,195,0 259,233,296,260,0 160,235,176,260,0 137,180,166,207,0 172,119,200,145,0
/home/m11002143/tensorflow-yolov4-tflite/data/analog_ammeter_dataset_20211021/JPEGImages/square-42.jpg 122,87,409,383,7 331,130,374,159,0 277,145,323,172,0 223,172,267,199,0 188,227,231,256,0 167,281,209,309,0
/home/m11002143/tensorflow-yolov4-tflite/data/analog_ammeter_dataset_20211021/JPEGImages/square-44.jpg 220,221,570,570,7 495,272,543,307,0 389,303,422,337,0 306,380,341,416,0
/home/m11002143/tensorflow-yolov4-tflite/data/analog_ammeter_dataset_20211021/JPEGImages/circle1-63.jpg 283,10,910,634,8 680,400,699,428,0 718,327,738,354,0 698,245,719,275,0 814,276,845,314,0 800,381,837,418,0 736,465,781,512,0 417,460,443,488,0 367,376,400,411,0 359,268,392,306,0 397,170,435,206,0 480,102,520,137,0 585,81,622,113,0 691,104,728,142,0 769,171,809,217,0 634,193,657,224,0 546,192,569,223,0 483,239,504,272,0 459,319,482,352,0
/home/m11002143/tensorflow-yolov4-tflite/data/analog_ammeter_dataset_20211021/JPEGImages/square-47.jpg 51,34,193,174,7 162,50,172,66,0 146,52,156,67,0 124,58,136,74,0 77,102,88,116,0 71,121,80,137,0 71,140,82,155,0
/home/m11002143/tensorflow-yolov4-tflite/data/analog_ammeter_dataset_20211021/JPEGImages/circle1-32.jpg 264,36,784,548,8 503,142,557,183,0 586,192,644,235,0 610,289,668,331,0 553,374,608,412,0 446,369,468,407,0 385,286,425,324,0 411,190,461,229,0
/home/m11002143/tensorflow-yolov4-tflite/data/analog_ammeter_dataset_20211021/JPEGImages/circle1-31.jpg 191,56,519,378,8 341,133,378,160,0 393,165,427,190,0 408,225,444,250,0 370,276,407,303,0 300,272,317,300,0 263,216,292,241,0 283,159,320,185,0
/home/m11002143/tensorflow-yolov4-tflite/data/analog_ammeter_dataset_20211021/JPEGImages/circle1-29.jpg 71,23,531,480,8 288,57,315,86,0 416,111,437,137,0 468,240,484,266,0 392,216,427,240,0 360,155,399,181,0 295,124,332,148,0 229,139,265,164,0 184,186,221,213,0 173,258,206,282,0 209,324,226,348,0 385,285,421,311,0 369,322,397,343,0 110,239,135,263,0 160,365,185,390,0 163,110,189,136,0 418,367,433,390,0
/home/m11002143/tensorflow-yolov4-tflite/data/analog_ammeter_dataset_20211021/JPEGImages/circle1-38.jpg 26,85,138,196,8 79,107,93,118,0 96,120,111,131,0 98,141,114,152,0 85,157,99,168,0 63,154,70,164,0 51,135,62,146,0 58,115,72,127,0
/home/m11002143/tensorflow-yolov4-tflite/data/analog_ammeter_dataset_20211021/JPEGImages/circle1-14.jpg 26,29,422,423,8 208,72,239,99,0 304,108,344,150,0 350,212,379,255,0 302,312,342,352,0 91,299,118,324,0 149,255,167,283,0 65,212,93,243,0 106,110,140,142,0 280,202,308,228,0 205,143,221,168,0 258,156,273,180,0 134,218,150,245,0
/home/m11002143/tensorflow-yolov4-tflite/data/analog_ammeter_dataset_20211021/JPEGImages/circle1-47.jpg 15,51,581,644,8 354,209,392,249,0 423,304,463,344,0 379,407,432,447,0 240,213,280,253,0 184,299,221,338,0 222,405,246,445,0
/home/m11002143/tensorflow-yolov4-tflite/data/analog_ammeter_dataset_20211021/JPEGImages/circle1-33.jpg 197,244,522,578,8 342,308,384,340,0 387,326,426,357,0 416,359,455,393,0 420,414,462,449,0 392,457,436,488,0 262,410,294,445,0 267,357,305,392,0 297,323,332,358,0 286,458,305,488,0
/home/m11002143/tensorflow-yolov4-tflite/data/analog_ammeter_dataset_20211021/JPEGImages/square-54.jpg 142,137,431,423,7 360,180,395,206,0 299,189,326,215,0 239,222,268,249,0 204,271,232,298,0 185,325,213,352,0
/home/m11002143/tensorflow-yolov4-tflite/data/analog_ammeter_dataset_20211021/JPEGImages/circle1-26.jpg 96,27,678,598,8 413,96,450,134,0 567,235,607,291,0 504,448,557,493,0 207,435,262,483,0 176,380,211,410,0 207,162,251,205,0 290,228,318,260,0 373,193,397,224,0 452,221,475,255,0 491,293,512,328,0 457,371,488,405,0 280,378,314,412,0 257,297,282,333,0
/home/m11002143/tensorflow-yolov4-tflite/data/analog_ammeter_dataset_20211021/JPEGImages/circle1-64.jpg 86,19,711,621,8 363,141,414,190,0 474,185,517,232,0 523,295,569,343,0 475,403,521,447,0 223,300,263,346,0 263,193,308,240,0
/home/m11002143/tensorflow-yolov4-tflite/data/analog_ammeter_dataset_20211021/JPEGImages/circle1-6.jpg 243,267,1238,1262,8 854,444,938,509,0 693,419,794,477,0 549,455,633,505,0 419,561,508,619,0 374,697,463,752,0 379,841,479,898,0 455,970,552,1028,0 929,955,1027,1020,0 1002,837,1105,894,0 1016,689,1119,761,0 974,558,1073,625,0
/home/m11002143/tensorflow-yolov4-tflite/data/analog_ammeter_dataset_20211021/JPEGImages/circle1-52.jpg 64,5,537,473,8 406,207,425,239,0 364,300,393,334,0 196,290,214,322,0 172,203,191,238,0 233,124,254,157,0 344,126,364,159,0
/home/m11002143/tensorflow-yolov4-tflite/data/analog_ammeter_dataset_20211021/JPEGImages/square-66.jpg 80,83,384,379,7 301,129,335,158,0 241,138,275,167,0 197,164,232,193,0 151,209,188,241,0 131,263,163,294,0
/home/m11002143/tensorflow-yolov4-tflite/data/analog_ammeter_dataset_20211021/JPEGImages/circle1-25.jpg 101,17,278,185,8 184,34,198,43,0 233,51,245,64,0 255,100,265,109,0 239,144,250,153,0 217,103,234,117,0 213,83,229,98,0 198,67,215,82,0 177,64,195,78,0 160,68,177,83,0 135,50,149,63,0 114,95,126,111,0 131,144,146,159,0 157,123,172,135,0 148,109,167,123,0 147,90,165,104,0
/home/m11002143/tensorflow-yolov4-tflite/data/analog_ammeter_dataset_20211021/JPEGImages/circle1-7.jpg 25,96,931,986,8 577,217,640,274,0 746,363,806,442,0 766,596,820,674,0 614,787,689,854,0 579,636,644,703,0 662,498,704,562,0 586,371,628,433,0 442,333,485,393,0 315,408,358,473,0 332,619,404,688,0 160,616,208,656,0 173,366,228,436,0 344,213,408,270,0 227,731,294,795,0 293,565,337,628,0
/home/m11002143/tensorflow-yolov4-tflite/data/analog_ammeter_dataset_20211021/JPEGImages/square-72.jpg 147,85,350,291,7 230,131,273,154,0 309,98,336,114,0 188,198,226,219,0
/home/m11002143/tensorflow-yolov4-tflite/data/analog_ammeter_dataset_20211021/JPEGImages/circle1-73.jpg 377,32,1122,799,8 984,399,1039,439,0 906,187,957,228,0 708,121,761,161,0 516,211,570,253,0 443,423,496,464,0 529,597,556,639,0 890,615,942,654,0 835,499,876,540,0 851,319,888,360,0 700,233,741,274,0 575,359,612,399,0
/home/m11002143/tensorflow-yolov4-tflite/data/analog_ammeter_dataset_20211021/JPEGImages/circle1-66.jpg 118,48,681,614,8 438,171,466,223,0 515,229,545,281,0 538,312,571,366,0 496,396,528,447,0 289,402,313,452,0 240,317,268,370,0 262,229,290,283,0 336,173,368,226,0
/home/m11002143/tensorflow-yolov4-tflite/data/analog_ammeter_dataset_20211021/JPEGImages/circle1-72.jpg 92,40,614,522,8 388,245,473,294,0 346,155,426,200,0 373,341,456,388,0 237,351,260,396,0 197,242,262,288,0 242,154,321,199,0
/home/m11002143/tensorflow-yolov4-tflite/data/analog_ammeter_dataset_20211021/JPEGImages/square-32.jpg 157,158,773,861,7 656,228,758,300,0 502,267,590,337,0 362,374,451,440,0 270,509,340,580,0 234,682,272,746,0
/home/m11002143/tensorflow-yolov4-tflite/data/analog_ammeter_dataset_20211021/JPEGImages/circle1-67.jpg 103,110,485,497,8 326,189,354,210,0 404,283,427,306,0 369,395,397,415,0 200,397,214,416,0 154,303,175,323,0 211,197,233,219,0 253,235,269,256,0 307,232,320,255,0 352,268,366,289,0 365,321,380,341,0 211,271,226,291,0 203,325,216,347,0 231,367,243,385,0
/home/m11002143/tensorflow-yolov4-tflite/data/analog_ammeter_dataset_20211021/JPEGImages/circle1-3.jpg 1,1,425,421,8 216,36,261,72,0 146,42,186,77,0 93,81,119,110,0 52,129,88,176,0 42,201,77,248,0 60,261,99,308,0 342,242,377,286,0 353,173,386,218,0 331,110,368,150,0 283,60,324,100,0
/home/m11002143/tensorflow-yolov4-tflite/data/analog_ammeter_dataset_20211021/JPEGImages/square-40.jpg 81,80,420,421,7 346,126,392,159,0 223,161,271,193,0 150,259,193,290,0
/home/m11002143/tensorflow-yolov4-tflite/data/analog_ammeter_dataset_20211021/JPEGImages/square-22.jpg 125,116,495,487,7 409,165,471,200,0 286,206,344,245,0 186,334,246,371,0
/home/m11002143/tensorflow-yolov4-tflite/data/analog_ammeter_dataset_20211021/JPEGImages/square-24.jpg 127,117,512,504,7 426,160,447,198,0 242,240,293,277,0
/home/m11002143/tensorflow-yolov4-tflite/data/analog_ammeter_dataset_20211021/JPEGImages/circle1-24.jpg 142,57,660,576,8 376,135,413,167,0 500,176,544,219,0 559,299,591,345,0 215,315,249,352,0 259,192,297,225,0 336,233,362,270,0 423,221,449,259,0 480,272,504,310,0 457,344,501,383,0 503,423,547,463,0 298,303,324,341,0 327,367,353,405,0
/home/m11002143/tensorflow-yolov4-tflite/data/analog_ammeter_dataset_20211021/JPEGImages/circle1-1.jpg 46,279,914,1114,8 473,420,542,471,0 678,515,738,569,0 745,706,805,792,0 614,910,675,972,0 214,853,266,897,0 157,660,214,729,0 268,480,315,526,0 301,657,367,708,0 380,560,445,607,0 513,555,580,605,0 592,644,656,699,0 582,772,614,829,0
/home/m11002143/tensorflow-yolov4-tflite/data/analog_ammeter_dataset_20211021/JPEGImages/square-80.jpg 215,177,542,498,7 453,224,491,257,0 396,237,431,269,0 339,272,377,301,0 297,319,333,351,0 270,377,303,404,0
/home/m11002143/tensorflow-yolov4-tflite/data/analog_ammeter_dataset_20211021/JPEGImages/circle1-40.jpg 232,103,560,424,8 361,170,404,202,0 435,195,478,230,0 448,259,491,294,0 411,311,454,348,0 303,277,323,303,0 310,209,351,243,0
/home/m11002143/tensorflow-yolov4-tflite/data/analog_ammeter_dataset_20211021/JPEGImages/circle1-76.jpg 91,105,267,282,8 176,146,191,160,0 203,162,217,175,0 209,190,229,204,0 198,217,215,231,0 143,212,153,226,0 132,180,148,195,0 147,155,163,169,0
/home/m11002143/tensorflow-yolov4-tflite/data/analog_ammeter_dataset_20211021/JPEGImages/circle1-68.jpg 143,31,482,366,8 363,177,397,201,0 340,244,373,268,0 245,243,255,266,0 221,170,243,193,0 262,114,292,136,0 328,116,360,141,0
/home/m11002143/tensorflow-yolov4-tflite/data/analog_ammeter_dataset_20211021/JPEGImages/circle1-74.jpg 358,50,1198,879,8 695,214,755,271,0 786,211,843,267,0 858,243,918,297,0 915,303,988,357,0 951,467,1034,521,0 923,544,999,599,0 869,607,949,663,0 798,649,876,704,0 675,644,711,703,0 604,607,656,661,0 559,545,616,600,0 523,466,584,521,0 530,378,593,431,0 567,306,630,361,0 622,249,683,303,0
/home/m11002143/tensorflow-yolov4-tflite/data/analog_ammeter_dataset_20211021/JPEGImages/circle1-61.jpg 27,29,312,312,8 154,93,177,116,0 203,112,224,133,0 218,154,248,178,0 203,196,233,220,0 118,204,133,225,0 93,162,115,183,0 107,118,130,140,0
/home/m11002143/tensorflow-yolov4-tflite/data/analog_ammeter_dataset_20211021/JPEGImages/square-61.jpg 92,95,429,426,7 352,135,385,163,0 270,149,317,184,0 236,168,270,204,0 192,209,226,241,0 159,257,193,290,0 139,316,174,348,0
/home/m11002143/tensorflow-yolov4-tflite/data/analog_ammeter_dataset_20211021/JPEGImages/square-9.jpg 252,232,600,591,7 505,276,548,308,0 398,308,440,342,0 302,436,345,469,0
/home/m11002143/tensorflow-yolov4-tflite/data/analog_ammeter_dataset_20211021/JPEGImages/square-52.jpg 145,170,829,838,7 663,263,724,301,0 602,266,660,306,0 508,285,605,354,0 414,329,514,399,0 339,423,429,491,0 271,521,363,592,0 239,607,308,676,0
/home/m11002143/tensorflow-yolov4-tflite/data/analog_ammeter_dataset_20211021/JPEGImages/square-57.jpg 102,103,367,369,7 271,153,286,170,0 343,138,362,158,0 232,168,254,199,0 152,261,174,293,0
/home/m11002143/tensorflow-yolov4-tflite/data/analog_ammeter_dataset_20211021/JPEGImages/square-78.jpg 224,131,516,417,7 439,175,492,206,0 390,186,435,216,0 351,202,393,232,0 314,236,356,268,0 287,279,330,312,0 271,326,312,359,0
/home/m11002143/tensorflow-yolov4-tflite/data/analog_ammeter_dataset_20211021/JPEGImages/square-20.jpg 171,105,292,223,7 260,122,276,135,0 235,125,252,139,0 217,136,233,150,0 198,154,215,168,0 189,176,206,191,0
/home/m11002143/tensorflow-yolov4-tflite/data/analog_ammeter_dataset_20211021/JPEGImages/circle1-57.jpg 128,18,879,772,8 531,216,647,292,0 604,342,713,413,0 541,470,680,543,0 336,470,379,537,0 302,348,417,423,0 357,222,474,296,0
/home/m11002143/tensorflow-yolov4-tflite/data/analog_ammeter_dataset_20211021/JPEGImages/circle1-53.jpg 52,55,559,563,8 230,173,259,220,0 353,173,378,221,0 424,264,450,312,0 370,367,414,416,0 200,371,228,418,0 157,265,188,314,0
/home/m11002143/tensorflow-yolov4-tflite/data/analog_ammeter_dataset_20211021/JPEGImages/circle1-39.jpg 161,49,342,232,8 284,110,308,126,0 289,133,314,149,0 282,156,306,174,0 266,174,292,193,0 222,177,232,194,0 200,159,219,177,0 197,108,218,125,0 218,88,237,105,0 240,81,265,99,0 267,89,291,107,0 192,133,210,149,0
/home/m11002143/tensorflow-yolov4-tflite/data/analog_ammeter_dataset_20211021/JPEGImages/square-16.jpg 146,79,521,415,7 439,119,486,155,0 326,141,376,177,0 216,257,269,294,0 186,360,240,394,0
/home/m11002143/tensorflow-yolov4-tflite/data/analog_ammeter_dataset_20211021/JPEGImages/square-67.jpg 159,145,401,387,7 339,185,378,207,0 262,206,301,228,0 213,264,245,285,0
